2 0.525709 0.844415 0.218085 0.183511
2 0.872340 0.946144 0.251773 0.107713
2 0.640957 0.979388 0.161348 0.041223
2 0.824468 0.520612 0.152482 0.070479
2 0.816489 0.379654 0.140071 0.035904
2 0.929078 0.341090 0.120567 0.030585
2 0.941489 0.369016 0.113475 0.035904
2 0.479610 0.390957 0.090426 0.053191
2 0.349291 0.375665 0.074468 0.054521
2 0.415780 0.313830 0.062057 0.031915
2 0.449468 0.297872 0.051418 0.029255
2 0.421099 0.281250 0.040780 0.022606
2 0.404255 0.272606 0.039007 0.015957
2 0.387411 0.259309 0.037234 0.018617
2 0.359043 0.245346 0.033688 0.017287
2 0.341312 0.230718 0.033688 0.017287
2 0.257979 0.273936 0.037234 0.026596
2 0.223404 0.233378 0.039007 0.019947
2 0.238475 0.194814 0.030142 0.014628
2 0.171986 0.170213 0.014184 0.007979
2 0.159574 0.154920 0.010638 0.006649
2 0.202128 0.166888 0.010638 0.009309
2 0.016844 0.297872 0.030142 0.029255
2 0.031915 0.268617 0.060284 0.021277
2 0.034574 0.250000 0.065603 0.013298
2 0.036348 0.246676 0.069149 0.014628
2 0.040780 0.232713 0.049645 0.015957
2 0.191489 0.159574 0.014184 0.007979
0 0.166667 0.346410 0.017730 0.027926
0 0.152482 0.347074 0.017730 0.029255
