0 0.566489 0.585174 0.289007 0.798107
2 0.268617 0.536278 0.335106 0.365931
2 0.633865 0.537855 0.281915 0.381703
2 0.674645 0.482650 0.210993 0.296530
2 0.664894 0.277603 0.074468 0.094637
7 0.758865 0.223975 0.099291 0.164038
2 0.398050 0.462145 0.147163 0.268139
2 0.451241 0.416404 0.118794 0.208202
2 0.483156 0.203470 0.047872 0.091483
2 0.629433 0.056782 0.035461 0.050473
2 0.714539 0.064669 0.039007 0.053628
2 0.704787 0.031546 0.030142 0.044164
2 0.731383 0.050473 0.026596 0.044164
2 0.729610 0.014196 0.023050 0.022082
7 0.961879 0.279180 0.076241 0.305994
7 0.320922 0.253943 0.106383 0.198738
2 0.027482 0.406940 0.051418 0.201893
2 0.083333 0.304416 0.163121 0.116719
2 0.259752 0.290221 0.058511 0.088328
7 0.408688 0.143533 0.072695 0.167192
2 0.508865 0.154574 0.046099 0.063091
2 0.515957 0.132492 0.049645 0.069401
2 0.529255 0.082019 0.040780 0.050473
2 0.456560 0.091483 0.037234 0.063091
2 0.477837 0.070978 0.033688 0.047319
2 0.498227 0.058360 0.031915 0.041009
2 0.545213 0.058360 0.033688 0.053628
2 0.569149 0.028391 0.024823 0.044164
2 0.592199 0.018927 0.028369 0.031546
2 0.706560 0.178233 0.051418 0.078864
