2 0.515071 0.959220 0.285461 0.081560
2 0.426418 0.839243 0.281915 0.137116
2 0.226950 0.691489 0.209220 0.101655
7 0.265957 0.560875 0.141844 0.088652
7 0.033688 0.540780 0.063830 0.126478
2 0.062057 0.543735 0.049645 0.066194
2 0.260638 0.501182 0.134752 0.061466
2 0.363475 0.462766 0.085106 0.048463
2 0.354610 0.449173 0.085106 0.044917
2 0.156028 0.436170 0.085106 0.047281
2 0.229610 0.451537 0.079787 0.044917
2 0.407801 0.432624 0.081560 0.044917
2 0.382092 0.401891 0.079787 0.037825
2 0.250887 0.413121 0.076241 0.043735
2 0.312057 0.377069 0.067376 0.037825
2 0.945035 0.714539 0.109929 0.095745
2 0.734929 0.593972 0.154255 0.074468
2 0.878546 0.524232 0.140071 0.076832
2 0.644504 0.504137 0.115248 0.057920
2 0.668440 0.478132 0.092199 0.048463
2 0.680851 0.460993 0.095745 0.040189
2 0.821809 0.452719 0.086879 0.044917
2 0.867908 0.443262 0.090426 0.042553
2 0.858156 0.407210 0.081560 0.036643
2 0.971631 0.388298 0.056738 0.034279
2 0.720745 0.433806 0.086879 0.042553
2 0.773050 0.398936 0.063830 0.041371
2 0.874113 0.388298 0.074468 0.041371
2 0.981383 0.346336 0.037234 0.033097
2 0.888298 0.351064 0.070922 0.035461
2 0.769504 0.377069 0.060284 0.035461
2 0.796986 0.355792 0.065603 0.033097
2 0.768617 0.335697 0.058511 0.028369
2 0.782801 0.319740 0.054965 0.029551
2 0.861702 0.313239 0.053191 0.033097
7 0.957447 0.286643 0.078014 0.067376
7 0.935284 0.261820 0.072695 0.060284
2 0.764184 0.284279 0.067376 0.029551
2 0.855496 0.293735 0.062057 0.027187
2 0.843085 0.280733 0.054965 0.039007
7 0.882092 0.240544 0.069149 0.029551
2 0.735816 0.250000 0.053191 0.034279
2 0.793440 0.243499 0.047872 0.026005
2 0.825355 0.221040 0.058511 0.037825
2 0.762411 0.229905 0.042553 0.027187
7 0.746454 0.192080 0.070922 0.055556
7 0.431738 0.360520 0.065603 0.068558
7 0.282801 0.328014 0.093972 0.074468
7 0.320035 0.299054 0.079787 0.044917
7 0.426418 0.291962 0.072695 0.044917
7 0.420213 0.263593 0.063830 0.044917
2 0.493794 0.409574 0.072695 0.041371
2 0.549645 0.360520 0.074468 0.054374
2 0.582447 0.329787 0.062057 0.040189
2 0.589539 0.270095 0.047872 0.031915
7 0.273936 0.200355 0.065603 0.053191
2 0.360816 0.216903 0.040780 0.022459
2 0.450355 0.229314 0.049645 0.026005
2 0.571809 0.247636 0.047872 0.027187
2 0.606383 0.203901 0.046099 0.027187
