1 0.586000 0.861585 0.040000 0.050000
0 0.231000 0.712805 0.110000 0.081707
0 0.640000 0.722561 0.072000 0.052439
0 0.675000 0.678659 0.086000 0.059756
0 0.380000 0.588415 0.088000 0.050000
0 0.686000 0.635366 0.080000 0.046341
0 0.712000 0.600000 0.072000 0.043902
0 0.752000 0.512195 0.076000 0.048780
0 0.450000 0.528049 0.068000 0.031707
0 0.476000 0.497561 0.068000 0.041463
0 0.507000 0.479268 0.066000 0.031707
0 0.535000 0.458537 0.066000 0.031707
0 0.606000 0.442683 0.064000 0.039024
0 0.775000 0.484756 0.070000 0.030488
0 0.790000 0.464024 0.052000 0.028049
0 0.800000 0.442683 0.068000 0.026829
0 0.812000 0.424390 0.044000 0.021951
0 0.801000 0.353659 0.050000 0.021951
1 0.747000 0.351829 0.018000 0.018293
0 0.598000 0.394512 0.060000 0.037805
0 0.616000 0.378659 0.044000 0.028049
1 0.698000 0.344512 0.020000 0.018293
1 0.695000 0.340854 0.018000 0.018293
1 0.916000 0.304878 0.012000 0.014634
0 0.826000 0.312805 0.040000 0.020732
0 0.856000 0.266463 0.032000 0.025610
0 0.870000 0.239024 0.036000 0.019512
0 0.889000 0.285976 0.030000 0.018293
0 0.717000 0.287805 0.026000 0.021951
0 0.725000 0.279268 0.026000 0.017073
0 0.734000 0.271951 0.028000 0.019512
0 0.743000 0.260366 0.034000 0.018293
0 0.751000 0.250610 0.026000 0.015854
0 0.761000 0.240854 0.026000 0.023171
0 0.772000 0.228049 0.024000 0.021951
0 0.538000 0.318293 0.060000 0.019512
1 0.622000 0.314634 0.012000 0.014634
1 0.539000 0.305488 0.014000 0.015854
1 0.682000 0.307317 0.020000 0.021951
