0 0.803191 0.864362 0.088652 0.117021
0 0.250000 0.767287 0.070922 0.109043
0 0.452128 0.763298 0.060284 0.074468
0 0.414894 0.728723 0.046099 0.053191
0 0.465426 0.703457 0.030142 0.045213
0 0.473404 0.690160 0.031915 0.039894
0 0.405142 0.703457 0.037234 0.045213
0 0.439716 0.683511 0.024823 0.037234
3 0.485816 0.631649 0.028369 0.055851
0 0.522163 0.626330 0.015957 0.034574
0 0.703901 0.726064 0.035461 0.058511
0 0.670213 0.700798 0.028369 0.039894
0 0.675532 0.692819 0.024823 0.039894
0 0.665780 0.656915 0.019504 0.026596
3 0.718972 0.674202 0.054965 0.093085
0 0.609929 0.634309 0.021277 0.029255
3 0.648050 0.542553 0.023050 0.053191
3 0.552305 0.573138 0.015957 0.034574
3 0.503546 0.595745 0.021277 0.026596
