1 0.465426 0.778369 0.086879 0.124113
1 0.960106 0.789598 0.079787 0.125296
1 0.162234 0.460402 0.086879 0.102837
1 0.067376 0.466312 0.081560 0.093381
1 0.243794 0.293144 0.058511 0.096927
1 0.786348 0.505319 0.062057 0.079196
2 0.812057 0.593381 0.173759 0.073286
2 0.904255 0.548463 0.159574 0.070922
1 0.596631 0.392435 0.058511 0.059102
1 0.660461 0.389480 0.062057 0.067376
1 0.725177 0.377069 0.070922 0.052009
1 0.527482 0.310875 0.079787 0.078014
1 0.585993 0.320922 0.044326 0.069740
1 0.632979 0.304965 0.060284 0.082742
1 0.826241 0.254137 0.070922 0.089835
1 0.203014 0.181442 0.047872 0.083924
1 0.242021 0.174941 0.058511 0.094563
1 0.429965 0.169031 0.062057 0.063830
1 0.687943 0.132979 0.067376 0.079196
1 0.281915 0.070922 0.042553 0.063830
1 0.234929 0.071513 0.051418 0.069740
1 0.243794 0.038416 0.044326 0.060284
1 0.272163 0.034870 0.040780 0.057920
1 0.435284 0.036052 0.044326 0.069740
