2 0.748227 0.509309 0.099291 0.449468
2 0.475177 0.610372 0.187943 0.672872
0 0.441489 0.486702 0.244681 0.212766
1 0.945035 0.410904 0.046099 0.172872
0 0.156915 0.468085 0.310284 0.351064
0 0.349291 0.421543 0.106383 0.087766
0 0.578014 0.429521 0.124113 0.103723
0 0.631206 0.417553 0.074468 0.090426
0 0.659574 0.406915 0.046099 0.058511
0 0.677305 0.401596 0.035461 0.047872
0 0.690603 0.389628 0.037234 0.045213
0 0.549645 0.384309 0.046099 0.050532
0 0.677305 0.360372 0.021277 0.018617
0 0.663121 0.365691 0.014184 0.018617
