0 0.189716 0.918489 0.244681 0.163022
0 0.546986 0.829523 0.257092 0.340954
0 0.859929 0.538270 0.205674 0.265408
0 0.233156 0.548211 0.179078 0.259443
0 0.716312 0.369781 0.141844 0.216700
0 0.424645 0.356859 0.140071 0.226640
0 0.325355 0.374751 0.150709 0.222664
0 0.140071 0.371769 0.148936 0.218688
0 0.586879 0.288270 0.131206 0.190855
0 0.731383 0.232107 0.115248 0.164016
0 0.959220 0.327535 0.081560 0.249503
0 0.841312 0.145129 0.097518 0.139165
0 0.749113 0.146123 0.086879 0.141153
0 0.591312 0.159543 0.115248 0.078529
0 0.117908 0.137674 0.065603 0.106362
0 0.039894 0.195825 0.076241 0.107356
0 0.195922 0.272863 0.115248 0.183897
0 0.327128 0.262425 0.118794 0.149105
0 0.404255 0.268390 0.106383 0.115308
0 0.335106 0.148608 0.081560 0.118290
0 0.645390 0.058648 0.056738 0.081511
0 0.259752 0.040755 0.054965 0.079523
0 0.167553 0.091948 0.079787 0.100398
0 0.436170 0.099901 0.078014 0.098410
0 0.432624 0.169483 0.088652 0.118290
0 0.544326 0.098907 0.063830 0.086481
0 0.634752 0.125746 0.081560 0.088469
