4 0.056122 0.605263 0.105442 0.497076
1 0.180272 0.730994 0.122449 0.502924
1 0.295918 0.909357 0.081633 0.181287
1 0.450680 0.921053 0.085034 0.157895
1 0.493197 0.847953 0.108844 0.304094
1 0.654762 0.880117 0.098639 0.239766
1 0.903061 0.900585 0.098639 0.198830
1 0.280612 0.540936 0.125850 0.438596
1 0.340136 0.520468 0.081633 0.421053
1 0.491497 0.444444 0.098639 0.421053
1 0.750000 0.561404 0.091837 0.432749
1 0.884354 0.558480 0.115646 0.450292
1 0.379252 0.347953 0.078231 0.391813
1 0.307823 0.327485 0.085034 0.362573
1 0.590136 0.368421 0.098639 0.409357
4 0.821429 0.280702 0.221088 0.374269
1 0.673469 0.254386 0.102041 0.403509
1 0.175170 0.149123 0.057823 0.286550
1 0.442177 0.169591 0.081633 0.327485
1 0.340136 0.073099 0.081633 0.134503
1 0.307823 0.073099 0.085034 0.134503
