1 0.067273 0.655738 0.090909 0.349727
1 0.130909 0.669399 0.087273 0.344262
1 0.274545 0.650273 0.098182 0.327869
1 0.332727 0.628415 0.098182 0.316940
1 0.452727 0.625683 0.105455 0.366120
1 0.532727 0.661202 0.069091 0.306011
1 0.578182 0.674863 0.094545 0.311475
1 0.672727 0.674863 0.094545 0.344262
1 0.721818 0.655738 0.069091 0.316940
1 0.823636 0.674863 0.083636 0.355191
1 0.872727 0.666667 0.058182 0.349727
1 0.936364 0.653005 0.054545 0.344262
1 0.967273 0.677596 0.050909 0.316940
0 0.372727 0.609290 0.447273 0.245902
3 0.863636 0.549180 0.272727 0.234973
