0 0.116135 0.825059 0.228723 0.208038
0 0.741135 0.813239 0.336879 0.219858
0 0.775709 0.952719 0.441489 0.094563
0 0.703014 0.692080 0.320922 0.173759
0 0.642730 0.615248 0.296099 0.171395
0 0.667553 0.533097 0.267730 0.141844
0 0.607270 0.479905 0.267730 0.141844
0 0.162234 0.462175 0.267730 0.141844
0 0.109929 0.961584 0.216312 0.076832
0 0.202128 0.326832 0.223404 0.128842
0 0.256206 0.285461 0.171986 0.102837
0 0.282801 0.238771 0.150709 0.092199
3 0.306738 0.131206 0.173759 0.160757
0 0.044326 0.210993 0.085106 0.088652
0 0.104610 0.130024 0.134752 0.080378
0 0.136525 0.080378 0.134752 0.080378
0 0.164007 0.049054 0.118794 0.072104
0 0.368794 0.079787 0.113475 0.069740
0 0.363475 0.030733 0.117021 0.054374
0 0.402482 0.015366 0.095745 0.028369
0 0.196809 0.036052 0.092199 0.055556
0 0.606383 0.413712 0.234043 0.099291
0 0.624113 0.364066 0.205674 0.099291
0 0.605496 0.317967 0.218085 0.118203
0 0.960106 0.513002 0.079787 0.146572
0 0.960106 0.427305 0.079787 0.119385
0 0.956560 0.358747 0.079787 0.119385
0 0.942376 0.327423 0.115248 0.104019
0 0.943262 0.283688 0.113475 0.078014
0 0.958333 0.222222 0.083333 0.078014
0 0.597518 0.269504 0.173759 0.078014
0 0.624113 0.291962 0.166667 0.073286
0 0.652482 0.240544 0.173759 0.086288
0 0.706560 0.224586 0.168440 0.087470
0 0.782801 0.195035 0.168440 0.087470
0 0.799645 0.169031 0.159574 0.078014
0 0.850177 0.135343 0.147163 0.081560
3 0.974291 0.136525 0.051418 0.105201
0 0.910461 0.117612 0.111702 0.065012
0 0.951241 0.082151 0.097518 0.057920
0 0.951241 0.062057 0.097518 0.057920
