2 0.062057 0.798463 0.120567 0.081560
2 0.236702 0.552600 0.108156 0.067376
2 0.411348 0.493499 0.063830 0.043735
2 0.345745 0.455674 0.063830 0.043735
2 0.397163 0.466312 0.063830 0.043735
2 0.554965 0.426123 0.063830 0.043735
2 0.645390 0.423759 0.063830 0.043735
2 0.820035 0.462175 0.101064 0.044917
2 0.929965 0.504137 0.122340 0.043735
2 0.676418 0.298463 0.058511 0.029551
2 0.750000 0.253546 0.035461 0.020095
2 0.745567 0.235816 0.037234 0.020095
7 0.899823 0.215721 0.037234 0.020095
2 0.831560 0.259456 0.035461 0.020095
2 0.844858 0.274232 0.033688 0.018913
2 0.871454 0.156028 0.030142 0.016548
2 0.851950 0.144208 0.019504 0.014184
2 0.891844 0.115839 0.024823 0.014184
2 0.872340 0.130615 0.017730 0.013002
7 0.902482 0.076832 0.024823 0.009456
0 0.785461 0.395981 0.017730 0.021277
0 0.831560 0.348109 0.014184 0.020095
0 0.679965 0.196809 0.019504 0.015366
