2 0.552083 0.751852 0.150000 0.281481
2 0.406250 0.610185 0.085417 0.124074
2 0.431771 0.511111 0.034375 0.048148
2 0.503646 0.479630 0.026042 0.037037
2 0.544271 0.612037 0.103125 0.116667
0 0.950521 0.720370 0.061458 0.244444
0 0.915625 0.567593 0.029167 0.109259
0 0.761979 0.509259 0.015625 0.070370
0 0.745313 0.508333 0.011458 0.064815
0 0.136979 0.585185 0.019792 0.111111
0 0.096354 0.609259 0.026042 0.140741
0 0.064583 0.625926 0.025000 0.137037
0 0.036979 0.628704 0.023958 0.127778
0 0.020833 0.618519 0.020833 0.114815
0 0.302604 0.519444 0.013542 0.064815
0 0.295312 0.513889 0.013542 0.064815
0 0.263021 0.513889 0.011458 0.057407
0 0.257812 0.512037 0.011458 0.057407
