1 0.075521 0.625926 0.048958 0.240741
1 0.211979 0.485185 0.048958 0.240741
1 0.134375 0.462963 0.039583 0.192593
1 0.153125 0.439815 0.035417 0.201852
1 0.300000 0.221296 0.033333 0.168519
1 0.275000 0.203704 0.029167 0.162963
1 0.230208 0.159259 0.029167 0.162963
1 0.201042 0.175926 0.029167 0.162963
1 0.164583 0.198148 0.029167 0.162963
1 0.126562 0.187037 0.023958 0.148148
1 0.207813 0.142593 0.023958 0.148148
1 0.184896 0.146296 0.023958 0.148148
1 0.155729 0.159259 0.023958 0.148148
1 0.138021 0.151852 0.023958 0.148148
1 0.428125 0.213889 0.035417 0.168519
1 0.370312 0.323148 0.034375 0.112963
1 0.375521 0.243519 0.034375 0.112963
1 0.381250 0.074074 0.037500 0.144444
1 0.295312 0.043519 0.026042 0.083333
1 0.405729 0.026852 0.013542 0.050000
0 0.687500 0.412963 0.152083 0.251852
1 0.593750 0.278704 0.035417 0.168519
1 0.561458 0.202778 0.035417 0.168519
1 0.486979 0.192593 0.028125 0.162963
1 0.465104 0.188889 0.028125 0.162963
1 0.552604 0.035185 0.026042 0.066667
1 0.529687 0.035185 0.026042 0.066667
1 0.591667 0.951852 0.039583 0.096296
1 0.734375 0.630556 0.054167 0.216667
1 0.921875 0.525000 0.052083 0.205556
4 0.848958 0.634259 0.100000 0.112963
1 0.870313 0.321296 0.038542 0.168519
1 0.948438 0.273148 0.038542 0.168519
1 0.829688 0.310185 0.038542 0.168519
1 0.773438 0.306481 0.038542 0.168519
1 0.748437 0.253704 0.030208 0.137037
1 0.785937 0.137037 0.030208 0.137037
1 0.647396 0.081481 0.032292 0.088889
4 0.697917 0.201852 0.068750 0.070370
4 0.700000 0.185185 0.104167 0.085185
4 0.948438 0.876852 0.103125 0.127778
4 0.966667 0.137037 0.066667 0.088889
1 0.347917 0.776852 0.045833 0.153704
