1 0.682292 0.550000 0.075000 0.377778
1 0.525000 0.475000 0.039583 0.164815
1 0.451042 0.439815 0.020833 0.109259
1 0.429688 0.436111 0.015625 0.090741
1 0.421354 0.436111 0.015625 0.090741
1 0.401562 0.445370 0.015625 0.090741
1 0.386979 0.441667 0.015625 0.090741
1 0.344271 0.426852 0.015625 0.061111
1 0.043229 0.500000 0.046875 0.177778
1 0.230208 0.440741 0.014583 0.051852
1 0.220833 0.450000 0.014583 0.051852
1 0.208333 0.446296 0.014583 0.051852
1 0.195833 0.446296 0.014583 0.051852
1 0.176042 0.437037 0.014583 0.051852
